0 0.5109375 0.519140625 0.058203125 0.138671875
2 0.882421875 0.481640625 0.012890625 0.0234375
2 0.81328125 0.4859375 0.013671875 0.029296875
2 0.8609375 0.488671875 0.015234375 0.037109375
1 0.752734375 0.4921875 0.015625 0.028515625
1 0.730859375 0.48984375 0.01640625 0.030078125
1 0.70390625 0.48828125 0.015625 0.023828125
2 0.78125 0.474609375 0.00625 0.007421875
2 0.764453125 0.48359375 0.011328125 0.0265625
2 0.743359375 0.481640625 0.009375 0.02109375
2 0.752734375 0.47578125 0.00859375 0.006640625
1 0.612890625 0.48125 0.013671875 0.01484375
1 0.605078125 0.481640625 0.00546875 0.012109375
2 0.691015625 0.474609375 0.008203125 0.0078125
2 0.635546875 0.478125 0.009375 0.012890625
2 0.684765625 0.47734375 0.007421875 0.00703125
2 0.82421875 0.48125 0.008984375 0.012890625