1 0.97265625 0.4703125 0.041015625 0.094921875
1 0.828515625 0.463671875 0.027734375 0.04765625
1 0.876953125 0.46796875 0.040625 0.06171875
1 0.7875 0.46015625 0.015234375 0.034375
2 0.916796875 0.45859375 0.019140625 0.034375
2 0.779296875 0.448046875 0.00859375 0.016015625
2 0.816015625 0.447265625 0.015625 0.0203125
2 0.897265625 0.45 0.016796875 0.0234375
2 0.916015625 0.43671875 0.033984375 0.0109375
2 0.71640625 0.45234375 0.0140625 0.0234375
0 0.567578125 0.452734375 0.00703125 0.009765625
0 0.587109375 0.45546875 0.009765625 0.015234375
1 0.60078125 0.45625 0.01171875 0.016015625