0 0.3546875 0.496484375 0.065625 0.090234375
0 0.427734375 0.494921875 0.05625 0.08828125
0 0.630078125 0.527734375 0.13359375 0.199609375
1 0.197265625 0.478515625 0.041796875 0.056640625
1 0.247265625 0.48046875 0.039453125 0.050390625
1 0.308203125 0.48125 0.04921875 0.050390625
0 0.88828125 0.584765625 0.2234375 0.38828125
1 0.13125 0.4796875 0.01875 0.043359375
1 0.119140625 0.4609375 0.014453125 0.010546875
1 0.166015625 0.479296875 0.02421875 0.04140625
2 0.279296875 0.4625 0.014453125 0.012890625
1 0.381640625 0.477734375 0.03203125 0.051953125
1 0.45078125 0.48125 0.02734375 0.051171875
1 0.448828125 0.46484375 0.0203125 0.02578125