0 0.654296875 0.53828125 0.11640625 0.208984375
0 0.1078125 0.52109375 0.12421875 0.1640625
0 0.153515625 0.5015625 0.050390625 0.127734375
0 0.526953125 0.4828125 0.02421875 0.037890625
1 0.562890625 0.477734375 0.01640625 0.030859375
1 0.547265625 0.478125 0.0203125 0.0328125
1 0.483203125 0.4796875 0.0109375 0.03984375
2 0.509765625 0.471875 0.018359375 0.026953125
2 0.495703125 0.469140625 0.014453125 0.0265625
2 0.489453125 0.46171875 0.02265625 0.011328125
1 0.970703125 0.503125 0.05859375 0.0875
0 0.034375 0.4890625 0.046484375 0.055078125
2 0.57421875 0.471484375 0.022265625 0.0328125
1 0.561328125 0.4765625 0.013671875 0.0328125
2 0.541015625 0.46015625 0.0125 0.008203125
0 0.834765625 0.513671875 0.088671875 0.073828125
0 0.37421875 0.465625 0.025 0.019140625
0 0.453125 0.471875 0.021875 0.024609375