1 0.78125 0.374609375 0.01875 0.040234375
2 0.753125 0.366015625 0.01875 0.03203125
2 0.731640625 0.353515625 0.01171875 0.00859375
2 0.659375 0.351953125 0.008203125 0.005859375
0 0.634375 0.36484375 0.010546875 0.021875
1 0.55234375 0.369140625 0.014453125 0.033203125
0 0.46796875 0.374609375 0.041796875 0.052734375
0 0.39921875 0.375390625 0.021875 0.041796875
1 0.3734375 0.36875 0.012890625 0.0359375
1 0.412890625 0.369921875 0.0140625 0.03125
0 0.33828125 0.3765625 0.030859375 0.062109375
1 0.198046875 0.368359375 0.01171875 0.022265625