0 0.63203125 0.521484375 0.23125 0.275
0 0.770703125 0.45625 0.08046875 0.1484375
1 0.42578125 0.415625 0.032421875 0.05703125
0 0.4671875 0.416015625 0.02734375 0.056640625
0 0.498046875 0.41484375 0.02578125 0.057421875
1 0.54296875 0.409375 0.015625 0.036328125
1 0.444140625 0.40078125 0.008203125 0.0203125
0 0.45703125 0.398828125 0.008984375 0.01796875
0 0.48046875 0.3953125 0.00859375 0.013671875
1 0.518359375 0.40625 0.009375 0.024609375
1 0.50625 0.400390625 0.00703125 0.02109375
1 0.66953125 0.425390625 0.021484375 0.0703125