2 0.8375 0.57109375 0.103515625 0.19921875
0 0.5203125 0.51171875 0.0328125 0.07109375
0 0.471484375 0.513671875 0.038671875 0.07578125
0 0.441796875 0.51171875 0.027734375 0.069921875
0 0.077734375 0.5078125 0.0390625 0.087109375
0 0.339453125 0.486328125 0.018359375 0.051953125
1 0.30078125 0.485546875 0.028515625 0.05
0 0.175 0.4984375 0.029296875 0.073828125
0 0.1453125 0.49921875 0.01875 0.066796875
1 0.046484375 0.49296875 0.020703125 0.066015625
0 0.585546875 0.48515625 0.012109375 0.037109375
0 0.597265625 0.478125 0.0109375 0.0265625