1 0.26328125 0.491796875 0.01171875 0.0171875
2 0.26484375 0.48203125 0.01015625 0.01015625
1 0.394921875 0.4984375 0.012890625 0.026171875
0 0.425 0.496875 0.0125 0.025
0 0.4484375 0.496484375 0.015625 0.01796875
0 0.5390625 0.49765625 0.012890625 0.026171875
0 0.503515625 0.4953125 0.008984375 0.01640625
0 0.469921875 0.496484375 0.011328125 0.019140625
1 0.609765625 0.496875 0.012109375 0.028125
2 0.630078125 0.49375 0.0109375 0.0265625
2 0.617578125 0.4875 0.008984375 0.015625
2 0.66953125 0.490625 0.01015625 0.025390625
2 0.692578125 0.494140625 0.015234375 0.03046875
0 0.521875 0.493359375 0.008203125 0.015234375