1 0.01015625 0.496875 0.019921875 0.034375
2 0.054296875 0.487890625 0.015625 0.031640625
2 0.2203125 0.497265625 0.021875 0.027734375
2 0.22890625 0.488671875 0.013671875 0.026953125
1 0.69765625 0.51328125 0.0328125 0.073046875
1 0.675 0.52578125 0.037109375 0.080859375
1 0.63515625 0.522265625 0.03359375 0.0859375
1 0.564453125 0.5125 0.046484375 0.066796875
1 0.617578125 0.516796875 0.021875 0.075390625
1 0.608203125 0.490625 0.01328125 0.02265625
1 0.651171875 0.491796875 0.010546875 0.02421875