2 0.008984375 0.519921875 0.01796875 0.05234375
2 0.041015625 0.516015625 0.0203125 0.047265625
2 0.05625 0.51640625 0.025390625 0.04453125
2 0.0984375 0.50703125 0.008984375 0.0296875
2 0.082421875 0.50546875 0.013671875 0.028125
2 0.066796875 0.514453125 0.0125 0.031640625
2 0.143359375 0.519921875 0.01875 0.043359375
2 0.13203125 0.51328125 0.008984375 0.023046875
2 0.127734375 0.515625 0.009765625 0.03203125
2 0.105859375 0.51015625 0.011328125 0.022265625
2 0.990625 0.519140625 0.018359375 0.03828125