0 0.7921875 0.408984375 0.040625 0.0953125
1 0.726953125 0.374609375 0.015234375 0.02890625
2 0.691015625 0.374609375 0.016015625 0.033203125
2 0.708984375 0.373828125 0.012890625 0.03046875
2 0.62734375 0.37421875 0.021484375 0.03984375
1 0.602734375 0.3984375 0.03828125 0.0640625
1 0.364453125 0.394140625 0.034375 0.054296875
2 0.317578125 0.390234375 0.02890625 0.0546875
2 0.201171875 0.375390625 0.026171875 0.0515625
2 0.125 0.37734375 0.028515625 0.058203125
2 0.03984375 0.39140625 0.01953125 0.059375
1 0.06171875 0.411328125 0.0234375 0.06015625