2 0.809375 0.475390625 0.012109375 0.019921875
2 0.798046875 0.4734375 0.01328125 0.026171875
2 0.78046875 0.4703125 0.008203125 0.009375
1 0.72890625 0.4796875 0.010546875 0.020703125
1 0.7390625 0.473828125 0.007421875 0.00859375
2 0.30546875 0.4921875 0.0109375 0.01953125
2 0.309765625 0.481640625 0.0078125 0.00859375
2 0.31796875 0.4984375 0.0140625 0.032421875
2 0.333984375 0.489453125 0.0140625 0.01875
1 0.36640625 0.503515625 0.01953125 0.03203125
1 0.444921875 0.498046875 0.015234375 0.027734375
1 0.47421875 0.4953125 0.013671875 0.0296875