2 0.1515625 0.337890625 0.048828125 0.057421875
2 0.31484375 0.34765625 0.03203125 0.052734375
2 0.64609375 0.32578125 0.0234375 0.040234375
2 0.72265625 0.325 0.015625 0.0390625
2 0.742578125 0.321484375 0.013671875 0.028125
1 0.766015625 0.32421875 0.0171875 0.031640625
0 0.790234375 0.3328125 0.017578125 0.0453125
0 0.69296875 0.351953125 0.046875 0.07109375
0 0.522265625 0.35546875 0.048828125 0.07265625
0 0.455078125 0.33828125 0.027734375 0.0375
0 0.488671875 0.344921875 0.03359375 0.045703125