2 0.90078125 0.33984375 0.009375 0.008203125
2 0.91484375 0.337890625 0.01015625 0.00625
2 0.8 0.34921875 0.009765625 0.018359375
0 0.4953125 0.371875 0.03359375 0.0703125
1 0.564453125 0.35703125 0.013671875 0.02578125
1 0.474609375 0.354296875 0.0109375 0.020703125
0 0.241796875 0.39609375 0.062109375 0.11796875
0 0.350390625 0.366015625 0.047265625 0.06484375
1 0.03515625 0.470703125 0.0703125 0.276171875
1 0.0328125 0.369140625 0.044140625 0.065625
0 0.11953125 0.3734375 0.043359375 0.072265625
1 0.524609375 0.355078125 0.0125 0.0265625