2 0.005859375 0.30703125 0.01171875 0.03359375
2 0.0734375 0.326953125 0.018359375 0.053125
0 0.38984375 0.359765625 0.03203125 0.058984375
2 0.567578125 0.350390625 0.0109375 0.024609375
2 0.36953125 0.334765625 0.011328125 0.022265625
2 0.380078125 0.330078125 0.009375 0.017578125
2 0.4140625 0.336328125 0.013671875 0.021484375
1 0.185546875 0.31953125 0.010546875 0.018359375
1 0.162890625 0.31328125 0.0171875 0.01875
2 0.201953125 0.314453125 0.01015625 0.014453125
2 0.218359375 0.316015625 0.012109375 0.01875
1 0.094140625 0.305078125 0.018359375 0.01796875
2 0.6921875 0.38515625 0.02265625 0.05078125
2 0.465234375 0.344921875 0.017578125 0.023046875
0 0.95546875 0.427734375 0.03359375 0.0734375
1 0.9859375 0.4390625 0.027734375 0.0828125