2 0.73515625 0.526953125 0.01875 0.03203125
2 0.0421875 0.540234375 0.021484375 0.04609375
2 0.066796875 0.5390625 0.01796875 0.033984375
2 0.080078125 0.539453125 0.013671875 0.034765625
2 0.160546875 0.5421875 0.01640625 0.030859375
2 0.14921875 0.535546875 0.013671875 0.028515625
2 0.129296875 0.5296875 0.01171875 0.019140625
2 0.115625 0.528515625 0.01015625 0.01953125
2 0.1015625 0.52734375 0.008984375 0.020703125
2 0.0921875 0.53671875 0.01171875 0.033203125
2 0.637109375 0.524609375 0.0125 0.0234375
1 0.427734375 0.527734375 0.009765625 0.021875