1 0.855078125 0.510546875 0.041015625 0.104296875
1 0.89375 0.5140625 0.03515625 0.09609375
1 0.940234375 0.504296875 0.054296875 0.096484375
1 0.750390625 0.4828125 0.020703125 0.03828125
1 0.803125 0.4828125 0.028515625 0.0484375
1 0.832421875 0.4859375 0.02265625 0.041796875
1 0.791796875 0.475 0.014453125 0.031640625
2 0.709375 0.471484375 0.01484375 0.021875
0 0.312890625 0.511328125 0.05859375 0.145703125
2 0.35390625 0.465234375 0.01171875 0.028125
1 0.36328125 0.472265625 0.01328125 0.02578125