0 0.253515625 0.6375 0.0578125 0.124609375
1 0.308984375 0.6234375 0.04296875 0.083984375
1 0.337109375 0.6171875 0.03984375 0.08984375
2 0.093359375 0.601953125 0.033984375 0.059375
2 0.168359375 0.591796875 0.0203125 0.02265625
2 0.141796875 0.5921875 0.02578125 0.023046875
1 0.4203125 0.605078125 0.028515625 0.053125
1 0.4796875 0.6015625 0.02265625 0.04765625
1 0.519921875 0.60390625 0.030078125 0.048828125
0 0.759375 0.6046875 0.0609375 0.0609375
1 0.971484375 0.60859375 0.0453125 0.06015625
2 0.684765625 0.590234375 0.02890625 0.03046875