2 0.165234375 0.562890625 0.05234375 0.145703125
2 0.052734375 0.562890625 0.068359375 0.153125
2 0.19375 0.509765625 0.022265625 0.073828125
2 0.151953125 0.496875 0.017578125 0.042578125
2 0.234375 0.501171875 0.014453125 0.03984375
2 0.251171875 0.50234375 0.024609375 0.05
2 0.276171875 0.49453125 0.016015625 0.03359375
2 0.293359375 0.49453125 0.011328125 0.030078125
2 0.626171875 0.499609375 0.01328125 0.025
2 0.5875 0.497265625 0.012890625 0.021875
0 0.4328125 0.49609375 0.00625 0.02109375
2 0.55078125 0.4921875 0.007421875 0.012109375