0 0.437109375 0.443359375 0.064453125 0.128125
1 0.316796875 0.438671875 0.08515625 0.132421875
1 0.140234375 0.48828125 0.1171875 0.2296875
1 0.353515625 0.42265625 0.03125 0.079296875
2 0.76484375 0.404296875 0.019921875 0.04375
1 0.697265625 0.409375 0.027734375 0.0546875
1 0.66484375 0.408203125 0.028125 0.062109375
2 0.646875 0.40234375 0.020703125 0.04140625
2 0.419140625 0.39296875 0.014453125 0.019921875
2 0.167578125 0.393359375 0.017578125 0.03515625
2 0.180078125 0.376171875 0.0171875 0.016015625