2 0.32578125 0.3765625 0.020703125 0.01328125
1 0.183203125 0.39453125 0.01640625 0.03828125
0 0.322265625 0.4078125 0.047265625 0.028125
0 0.430078125 0.41328125 0.04609375 0.03125
2 0.415625 0.39140625 0.01875 0.015234375
2 0.445703125 0.391796875 0.023046875 0.0125
2 0.536328125 0.398828125 0.01953125 0.01640625
2 0.680859375 0.426953125 0.0234375 0.0609375
1 0.636328125 0.44609375 0.03828125 0.059375
0 0.963671875 0.4296875 0.072265625 0.033984375
0 0.80546875 0.565625 0.101953125 0.205859375
0 0.910546875 0.525 0.103125 0.125