0 0.341015625 0.425390625 0.106640625 0.155859375
0 0.731640625 0.43125 0.078515625 0.104296875
0 0.675390625 0.41953125 0.037890625 0.094140625
0 0.633984375 0.41640625 0.0390625 0.06796875
0 0.591796875 0.415625 0.0390625 0.06484375
0 0.551171875 0.410546875 0.028125 0.062890625
0 0.451171875 0.40859375 0.03828125 0.066015625
2 0.83125 0.40703125 0.019921875 0.03359375
0 0.133984375 0.405078125 0.046484375 0.07421875
0 0.376171875 0.408203125 0.034765625 0.07421875
0 0.698828125 0.414453125 0.032421875 0.076171875
1 0.52578125 0.4078125 0.0234375 0.0546875