1 0.20390625 0.451953125 0.073828125 0.098046875
0 0.3265625 0.445703125 0.048828125 0.076953125
0 0.43671875 0.435546875 0.034765625 0.08515625
0 0.50703125 0.43984375 0.05859375 0.0875
2 0.67109375 0.4046875 0.026953125 0.053515625
2 0.730078125 0.403125 0.0296875 0.05703125
2 0.76875 0.40546875 0.040234375 0.048828125
1 0.838671875 0.40703125 0.037890625 0.059765625
1 0.9046875 0.405859375 0.025 0.048046875
1 0.886328125 0.403125 0.017578125 0.042578125
2 0.940625 0.376953125 0.016015625 0.031640625
2 0.96796875 0.383203125 0.0265625 0.037890625
1 0.994921875 0.40234375 0.01015625 0.056640625