1 0.1375 0.549609375 0.0328125 0.064453125
2 0.3078125 0.523046875 0.02109375 0.04375
2 0.328125 0.52265625 0.0171875 0.0421875
2 0.34609375 0.52265625 0.02109375 0.0421875
2 0.48984375 0.51953125 0.010546875 0.026171875
2 0.501953125 0.519921875 0.013671875 0.025
2 0.516015625 0.514453125 0.012109375 0.0265625
1 0.585546875 0.519140625 0.01328125 0.0234375
2 0.88984375 0.508984375 0.009765625 0.01875
2 0.87421875 0.50546875 0.010546875 0.012890625
1 0.812890625 0.51328125 0.008203125 0.015234375
1 0.826953125 0.51328125 0.013671875 0.016796875