1 0.028125 0.438671875 0.05625 0.13984375
1 0.07890625 0.426171875 0.044921875 0.07890625
0 0.408984375 0.43359375 0.0515625 0.09375
0 0.4609375 0.426171875 0.061328125 0.093359375
0 0.632421875 0.417578125 0.0390625 0.08046875
0 0.6046875 0.415234375 0.03359375 0.055859375
1 0.72890625 0.41328125 0.02265625 0.0453125
1 0.971484375 0.416015625 0.041015625 0.06171875
1 0.851171875 0.4140625 0.035546875 0.048046875
0 0.24375 0.41953125 0.0328125 0.06953125
0 0.201171875 0.417578125 0.025390625 0.06015625
0 0.331640625 0.41796875 0.0375 0.068359375
0 0.37421875 0.41875 0.02890625 0.069921875
2 0.9 0.407421875 0.02265625 0.035546875
2 0.954296875 0.411328125 0.020703125 0.036328125
1 0.77890625 0.4125 0.02421875 0.04140625
1 0.581640625 0.414453125 0.017578125 0.037109375
0 0.283203125 0.41875 0.044921875 0.06875