0 0.3453125 0.614453125 0.046875 0.1125
0 0.160546875 0.5921875 0.04140625 0.08671875
0 0.70703125 0.583203125 0.019921875 0.043359375
1 0.844140625 0.698046875 0.086328125 0.1828125
1 0.68359375 0.574609375 0.012109375 0.03203125
1 0.676171875 0.574609375 0.00859375 0.0328125
1 0.282421875 0.558984375 0.015234375 0.025
1 0.300390625 0.560546875 0.01328125 0.0265625
2 0.253515625 0.55390625 0.012109375 0.0265625
1 0.3234375 0.559765625 0.012890625 0.0265625
0 0.58984375 0.56953125 0.0109375 0.03046875
1 0.63046875 0.571875 0.01015625 0.02109375
2 0.26484375 0.555078125 0.009765625 0.02421875