0 0.228515625 0.652734375 0.08984375 0.22890625
1 0.59921875 0.5734375 0.04453125 0.12421875
1 0.669140625 0.544921875 0.02421875 0.07265625
1 0.35546875 0.6453125 0.094140625 0.21328125
1 0.29609375 0.758984375 0.09609375 0.32421875
0 0.568359375 0.536328125 0.01640625 0.046875
0 0.387890625 0.548828125 0.022265625 0.060546875
0 0.52421875 0.53203125 0.016015625 0.043359375
2 0.9484375 0.582421875 0.073828125 0.137890625
2 0.843359375 0.5734375 0.08046875 0.15625
2 0.79609375 0.5421875 0.040625 0.046484375
1 0.725 0.540234375 0.0421875 0.055859375
2 0.865625 0.51640625 0.03203125 0.04453125