1 0.868359375 0.493359375 0.037890625 0.076953125
1 0.81171875 0.48125 0.021484375 0.040234375
1 0.834765625 0.481640625 0.0171875 0.038671875
1 0.7796875 0.48125 0.018359375 0.03984375
2 0.910546875 0.47109375 0.019921875 0.039453125
2 0.215625 0.47890625 0.019921875 0.04453125
2 0.506640625 0.4703125 0.008203125 0.016796875
2 0.52578125 0.469921875 0.00703125 0.01640625
2 0.53359375 0.470703125 0.005859375 0.013671875
2 0.550390625 0.46875 0.009375 0.01484375
2 0.56015625 0.46953125 0.005859375 0.0125
0 0.57109375 0.476953125 0.012890625 0.03125