0 0.687890625 0.753125 0.03671875 0.16640625
1 0.1546875 0.723828125 0.02734375 0.127734375
1 0.462109375 0.719921875 0.0140625 0.11953125
1 0.606640625 0.71171875 0.01328125 0.06875
1 0.644140625 0.70859375 0.0171875 0.0859375
1 0.30078125 0.721484375 0.019921875 0.12109375
2 0.47890625 0.69375 0.009765625 0.036328125
1 0.801171875 0.69375 0.014453125 0.043359375
1 0.844921875 0.690625 0.011328125 0.0453125
1 0.8625 0.687109375 0.00859375 0.034765625
1 0.853515625 0.68671875 0.00859375 0.035546875
2 0.731640625 0.67265625 0.007421875 0.02421875
2 0.529296875 0.6859375 0.008203125 0.033984375
2 0.545703125 0.685546875 0.008203125 0.031640625