1 0.311328125 0.749609375 0.027734375 0.1359375
0 0.5609375 0.71484375 0.019921875 0.064453125
0 0.5828125 0.712109375 0.012109375 0.051953125
0 0.596875 0.71171875 0.009765625 0.04765625
0 0.703125 0.708203125 0.009375 0.035546875
1 0.812109375 0.70703125 0.0078125 0.03046875
1 0.7359375 0.705859375 0.008203125 0.03359375
1 0.724609375 0.70625 0.0140625 0.029296875
1 0.6234375 0.705859375 0.00703125 0.034375
1 0.6046875 0.7046875 0.005859375 0.033203125
1 0.673046875 0.707421875 0.006640625 0.0328125
2 0.94296875 0.709375 0.0109375 0.0296875
1 0.664453125 0.70703125 0.008203125 0.030078125