1 0.045703125 0.748828125 0.04765625 0.18125
1 0.10625 0.7328125 0.046484375 0.147265625
1 0.17890625 0.722265625 0.033984375 0.126953125
1 0.21640625 0.719921875 0.03125 0.121875
0 0.262109375 0.7203125 0.032421875 0.10078125
0 0.375 0.69375 0.016796875 0.07734375
1 0.4265625 0.69140625 0.00859375 0.045703125
1 0.523828125 0.686328125 0.011328125 0.0578125
1 0.551953125 0.687890625 0.00859375 0.0359375
1 0.571875 0.690625 0.0078125 0.041015625
1 0.598828125 0.689453125 0.0078125 0.03984375
1 0.618359375 0.687890625 0.008984375 0.041015625