0 0.5109375 0.5192708333333333 0.058333333333333334 0.1390625
2 0.8822916666666667 0.4817708333333333 0.013020833333333334 0.0234375
2 0.8130208333333333 0.4859375 0.013541666666666667 0.029166666666666667
2 0.8609375 0.4890625 0.015104166666666667 0.0375
1 0.7526041666666666 0.4921875 0.015625 0.028645833333333332
1 0.7307291666666667 0.4901041666666667 0.016145833333333335 0.030208333333333334
1 0.7036458333333333 0.48802083333333335 0.015625 0.023958333333333335
2 0.78125 0.4744791666666667 0.00625 0.007291666666666667
2 0.7645833333333333 0.48385416666666664 0.011458333333333333 0.0265625
2 0.7432291666666667 0.4817708333333333 0.009375 0.020833333333333332
2 0.7526041666666666 0.47552083333333334 0.008333333333333333 0.0067708333333333336
1 0.6130208333333333 0.48125 0.013541666666666667 0.014583333333333334
1 0.6052083333333333 0.4817708333333333 0.005729166666666666 0.011979166666666667
2 0.6911458333333333 0.4744791666666667 0.008333333333333333 0.0078125
2 0.6354166666666666 0.478125 0.009375 0.013020833333333334
2 0.6848958333333334 0.47760416666666666 0.007291666666666667 0.0067708333333333336
2 0.8239583333333333 0.48125 0.008854166666666666 0.013020833333333334