0 0.22864583333333333 0.653125 0.09010416666666667 0.22916666666666666
1 0.5994791666666667 0.5734375 0.044270833333333336 0.12395833333333334
1 0.6692708333333334 0.5447916666666667 0.024479166666666666 0.07291666666666667
1 0.35572916666666665 0.6453125 0.09375 0.21354166666666666
1 0.29635416666666664 0.7588541666666667 0.09635416666666667 0.32395833333333335
0 0.5682291666666667 0.5364583333333334 0.016666666666666666 0.046875
0 0.3875 0.5484375 0.022395833333333334 0.06041666666666667
0 0.5239583333333333 0.5317708333333333 0.016145833333333335 0.043229166666666666
2 0.9484375 0.5822916666666667 0.07395833333333333 0.13802083333333334
2 0.8432291666666667 0.5734375 0.08072916666666667 0.15625
2 0.7958333333333333 0.5421875 0.040625 0.04635416666666667
1 0.725 0.5401041666666667 0.0421875 0.05572916666666667
2 0.865625 0.5161458333333333 0.03177083333333333 0.04479166666666667