2 0.809375 0.475 0.0125 0.019791666666666666
2 0.7979166666666667 0.4734375 0.013541666666666667 0.026041666666666668
2 0.7807291666666667 0.4703125 0.008333333333333333 0.009375
1 0.7291666666666666 0.4796875 0.010416666666666666 0.0203125
1 0.7390625 0.4739583333333333 0.007291666666666667 0.008333333333333333
2 0.30572916666666666 0.4921875 0.0109375 0.019270833333333334
2 0.3098958333333333 0.4817708333333333 0.0078125 0.008333333333333333
2 0.3182291666666667 0.4984375 0.0140625 0.03229166666666667
2 0.3338541666666667 0.4895833333333333 0.0140625 0.01875
1 0.36614583333333334 0.5036458333333333 0.019270833333333334 0.03177083333333333
1 0.4453125 0.4979166666666667 0.015625 0.028125
1 0.4744791666666667 0.4953125 0.0140625 0.0296875