1 0.86875 0.49322916666666666 0.03802083333333333 0.07708333333333334
1 0.8119791666666667 0.48125 0.021354166666666667 0.04010416666666667
1 0.834375 0.4817708333333333 0.0171875 0.03854166666666667
1 0.7796875 0.48125 0.018229166666666668 0.04010416666666667
2 0.9104166666666667 0.4708333333333333 0.019791666666666666 0.03958333333333333
2 0.215625 0.4786458333333333 0.019791666666666666 0.04479166666666667
2 0.5067708333333333 0.4703125 0.008333333333333333 0.016666666666666666
2 0.5260416666666666 0.4703125 0.007291666666666667 0.016666666666666666
2 0.5333333333333333 0.4708333333333333 0.005729166666666666 0.013541666666666667
2 0.5505208333333333 0.46875 0.009375 0.015104166666666667
2 0.5604166666666667 0.46927083333333336 0.005729166666666666 0.0125
0 0.5713541666666667 0.47708333333333336 0.0125 0.03125