1 0.20364583333333333 0.45208333333333334 0.07395833333333333 0.09791666666666667
0 0.3265625 0.44583333333333336 0.04895833333333333 0.07708333333333334
0 0.43697916666666664 0.4359375 0.034895833333333334 0.08489583333333334
0 0.5067708333333333 0.4401041666666667 0.058333333333333334 0.0875
2 0.6713541666666667 0.4046875 0.027083333333333334 0.05364583333333333
2 0.7302083333333333 0.403125 0.0296875 0.057291666666666664
2 0.76875 0.40572916666666664 0.04010416666666667 0.04895833333333333
1 0.8385416666666666 0.40729166666666666 0.03802083333333333 0.059895833333333336
1 0.9046875 0.40572916666666664 0.025 0.0484375
1 0.8864583333333333 0.403125 0.017708333333333333 0.042708333333333334
2 0.940625 0.3765625 0.015625 0.03177083333333333
2 0.9682291666666667 0.3828125 0.0265625 0.03802083333333333
1 0.9947916666666666 0.40260416666666665 0.009895833333333333 0.05677083333333333