1 0.1375 0.5494791666666666 0.0328125 0.06458333333333334
2 0.3078125 0.5229166666666667 0.020833333333333332 0.04375
2 0.328125 0.5229166666666667 0.0171875 0.0421875
2 0.3458333333333333 0.5223958333333333 0.020833333333333332 0.0421875
2 0.4901041666666667 0.5192708333333333 0.010416666666666666 0.026041666666666668
2 0.5020833333333333 0.5197916666666667 0.013541666666666667 0.025
2 0.5161458333333333 0.5140625 0.011979166666666667 0.0265625
1 0.5854166666666667 0.5192708333333333 0.013541666666666667 0.0234375
2 0.8895833333333333 0.5088541666666667 0.009895833333333333 0.01875
2 0.8744791666666667 0.5052083333333334 0.010416666666666666 0.013020833333333334
1 0.8125 0.5135416666666667 0.008333333333333333 0.015104166666666667
1 0.8270833333333333 0.5135416666666667 0.013541666666666667 0.016666666666666666