1 0.78125 0.37447916666666664 0.01875 0.040625
2 0.753125 0.365625 0.01875 0.03229166666666667
2 0.7317708333333334 0.3536458333333333 0.011458333333333333 0.008333333333333333
2 0.659375 0.35208333333333336 0.008333333333333333 0.005729166666666666
0 0.634375 0.3645833333333333 0.010416666666666666 0.021875
1 0.5526041666666667 0.3692708333333333 0.014583333333333334 0.0328125
0 0.46770833333333334 0.37447916666666664 0.041666666666666664 0.05260416666666667
0 0.39895833333333336 0.37552083333333336 0.021875 0.0421875
1 0.3734375 0.36875 0.0125 0.0359375
1 0.41302083333333334 0.3697916666666667 0.0140625 0.03125
0 0.3380208333333333 0.3765625 0.030729166666666665 0.06197916666666667
1 0.1984375 0.36822916666666666 0.011979166666666667 0.022395833333333334