2 0.1515625 0.3375 0.04895833333333333 0.0578125
2 0.3151041666666667 0.34739583333333335 0.03229166666666667 0.053125
2 0.6463541666666667 0.3255208333333333 0.0234375 0.04010416666666667
2 0.7223958333333333 0.325 0.015625 0.0390625
2 0.7421875 0.32135416666666666 0.013541666666666667 0.028125
1 0.7661458333333333 0.32447916666666665 0.0171875 0.03177083333333333
0 0.7901041666666667 0.3328125 0.017708333333333333 0.0453125
0 0.6927083333333334 0.35208333333333336 0.046875 0.07083333333333333
0 0.5223958333333333 0.35520833333333335 0.04895833333333333 0.07291666666666667
0 0.4552083333333333 0.3380208333333333 0.028125 0.0375
0 0.4890625 0.34479166666666666 0.03333333333333333 0.04583333333333333