0 0.25364583333333335 0.6375 0.0578125 0.12447916666666667
1 0.30885416666666665 0.6234375 0.043229166666666666 0.084375
1 0.33697916666666666 0.6171875 0.03958333333333333 0.09010416666666667
2 0.09322916666666667 0.6015625 0.033854166666666664 0.059375
2 0.16875 0.5916666666666667 0.0203125 0.022916666666666665
2 0.14166666666666666 0.5921875 0.026041666666666668 0.0234375
1 0.4203125 0.6052083333333333 0.028645833333333332 0.053125
1 0.4796875 0.6015625 0.022395833333333334 0.04739583333333333
1 0.5197916666666667 0.6041666666666666 0.0296875 0.04895833333333333
0 0.759375 0.6046875 0.0609375 0.0609375
1 0.971875 0.6088541666666667 0.0453125 0.059895833333333336
2 0.6848958333333334 0.5901041666666667 0.028645833333333332 0.030208333333333334