2 0.7348958333333333 0.5270833333333333 0.01875 0.03177083333333333
2 0.0421875 0.5401041666666667 0.021354166666666667 0.04583333333333333
2 0.06666666666666667 0.5390625 0.018229166666666668 0.034375
2 0.08020833333333334 0.5395833333333333 0.013541666666666667 0.034895833333333334
2 0.16041666666666668 0.5421875 0.016145833333333335 0.030729166666666665
2 0.14947916666666666 0.5354166666666667 0.013541666666666667 0.028125
2 0.12916666666666668 0.5296875 0.011458333333333333 0.019270833333333334
2 0.115625 0.5286458333333334 0.010416666666666666 0.019270833333333334
2 0.1015625 0.5276041666666667 0.008854166666666666 0.020833333333333332
2 0.0921875 0.5364583333333334 0.011458333333333333 0.0328125
2 0.6369791666666667 0.525 0.0125 0.0234375
1 0.4276041666666667 0.528125 0.009895833333333333 0.021875