0 0.43697916666666664 0.4432291666666667 0.06458333333333334 0.128125
1 0.31666666666666665 0.43854166666666666 0.08489583333333334 0.1328125
1 0.14010416666666667 0.48854166666666665 0.1171875 0.2296875
1 0.3536458333333333 0.42291666666666666 0.03125 0.07916666666666666
2 0.7645833333333333 0.4046875 0.019791666666666666 0.04375
1 0.6973958333333333 0.409375 0.028125 0.0546875
1 0.6645833333333333 0.4083333333333333 0.028125 0.06197916666666667
2 0.646875 0.40260416666666665 0.020833333333333332 0.041666666666666664
2 0.4192708333333333 0.3932291666666667 0.0140625 0.019791666666666666
2 0.1671875 0.3932291666666667 0.017708333333333333 0.034895833333333334
2 0.18020833333333333 0.37604166666666666 0.0171875 0.016145833333333335