2 0.3255208333333333 0.3765625 0.020833333333333332 0.013020833333333334
1 0.18333333333333332 0.39427083333333335 0.016666666666666666 0.03802083333333333
0 0.321875 0.4078125 0.046875 0.028125
0 0.43020833333333336 0.41354166666666664 0.04583333333333333 0.03125
2 0.415625 0.39114583333333336 0.01875 0.015104166666666667
2 0.4453125 0.39166666666666666 0.022916666666666665 0.0125
2 0.5364583333333334 0.3984375 0.019270833333333334 0.016666666666666666
2 0.68125 0.4270833333333333 0.0234375 0.0609375
1 0.6364583333333333 0.44583333333333336 0.03802083333333333 0.059375
0 0.9635416666666666 0.42916666666666664 0.07291666666666667 0.03333333333333333
0 0.8052083333333333 0.565625 0.10208333333333333 0.20572916666666666
0 0.9104166666666667 0.525 0.103125 0.125