0 0.6880208333333333 0.753125 0.036458333333333336 0.16614583333333333
1 0.1546875 0.7239583333333334 0.027604166666666666 0.12760416666666666
1 0.46197916666666666 0.7197916666666667 0.0140625 0.11979166666666667
1 0.6067708333333334 0.7114583333333333 0.013020833333333334 0.06875
1 0.6442708333333333 0.7083333333333334 0.0171875 0.0859375
1 0.30104166666666665 0.7213541666666666 0.019791666666666666 0.12135416666666667
2 0.4786458333333333 0.69375 0.009895833333333333 0.0359375
1 0.8010416666666667 0.69375 0.0140625 0.043229166666666666
1 0.8447916666666667 0.690625 0.011458333333333333 0.0453125
1 0.8625 0.6869791666666667 0.008333333333333333 0.034895833333333334
1 0.8536458333333333 0.6869791666666667 0.008333333333333333 0.035416666666666666
2 0.73125 0.6723958333333333 0.007291666666666667 0.024479166666666666
2 0.5296875 0.6859375 0.008333333333333333 0.033854166666666664
2 0.5458333333333333 0.6854166666666667 0.0078125 0.03177083333333333