0 0.5109375 0.51875 0.0578125 0.1390625
2 0.8828125 0.48203125 0.01328125 0.0234375
2 0.81328125 0.4859375 0.0140625 0.0296875
2 0.8609375 0.4890625 0.015625 0.0375
1 0.753125 0.4921875 0.015625 0.028125
1 0.73046875 0.48984375 0.01640625 0.0296875
1 0.70390625 0.48828125 0.015625 0.02421875
2 0.78125 0.47421875 0.00625 0.0078125
2 0.76484375 0.48359375 0.0109375 0.0265625
2 0.74296875 0.48125 0.009375 0.02109375
2 0.75234375 0.47578125 0.00859375 0.00625
1 0.6125 0.48125 0.01328125 0.01484375
1 0.60546875 0.48203125 0.00546875 0.01171875
2 0.69140625 0.47421875 0.0078125 0.0078125
2 0.63515625 0.478125 0.009375 0.0125
2 0.68515625 0.47734375 0.0078125 0.00703125
2 0.82421875 0.48125 0.009375 0.01328125