1 0.97265625 0.4703125 0.040625 0.09453125
1 0.82890625 0.4640625 0.02734375 0.04765625
1 0.87734375 0.46796875 0.040625 0.06171875
1 0.7875 0.46015625 0.015625 0.034375
2 0.91640625 0.45859375 0.01953125 0.034375
2 0.7796875 0.4484375 0.00859375 0.01640625
2 0.81640625 0.446875 0.015625 0.0203125
2 0.896875 0.45 0.0171875 0.0234375
2 0.915625 0.43671875 0.034375 0.0109375
2 0.71640625 0.45234375 0.0140625 0.0234375
0 0.5671875 0.453125 0.00703125 0.01015625
0 0.58671875 0.45546875 0.009375 0.01484375
1 0.60078125 0.45625 0.01171875 0.015625