0 0.65390625 0.53828125 0.11640625 0.209375
0 0.1078125 0.52109375 0.12421875 0.1640625
0 0.15390625 0.5015625 0.05078125 0.128125
0 0.5265625 0.4828125 0.02421875 0.0375
1 0.56328125 0.478125 0.01640625 0.03046875
1 0.54765625 0.478125 0.0203125 0.0328125
1 0.4828125 0.4796875 0.0109375 0.03984375
2 0.51015625 0.471875 0.01796875 0.0265625
2 0.49609375 0.46953125 0.01484375 0.0265625
2 0.48984375 0.46171875 0.02265625 0.0109375
1 0.97109375 0.50390625 0.0578125 0.0875
0 0.034375 0.4890625 0.04609375 0.0546875
2 0.57421875 0.47109375 0.02265625 0.0328125
1 0.5609375 0.4765625 0.0140625 0.0328125
2 0.54140625 0.46015625 0.0125 0.00859375
0 0.83515625 0.5140625 0.08828125 0.07421875
0 0.37421875 0.465625 0.025 0.01953125
0 0.453125 0.471875 0.021875 0.02421875