0 0.3546875 0.496875 0.065625 0.08984375
0 0.428125 0.4953125 0.05625 0.08828125
0 0.63046875 0.528125 0.13359375 0.2
1 0.196875 0.478125 0.0421875 0.05625
1 0.246875 0.48046875 0.0390625 0.05
1 0.30859375 0.48125 0.04921875 0.05
0 0.88828125 0.584375 0.2234375 0.38828125
1 0.13125 0.4796875 0.01875 0.04296875
1 0.11875 0.4609375 0.01484375 0.01015625
1 0.16640625 0.4796875 0.02421875 0.04140625
2 0.27890625 0.4625 0.0140625 0.0125
1 0.38203125 0.47734375 0.03203125 0.05234375
1 0.45078125 0.48125 0.02734375 0.05078125
1 0.4484375 0.46484375 0.0203125 0.02578125