2 0.809375 0.475 0.0125 0.01953125
2 0.79765625 0.4734375 0.01328125 0.02578125
2 0.78046875 0.4703125 0.00859375 0.009375
1 0.72890625 0.4796875 0.0109375 0.0203125
1 0.7390625 0.47421875 0.0078125 0.00859375
2 0.30546875 0.4921875 0.0109375 0.01953125
2 0.31015625 0.48203125 0.0078125 0.00859375
2 0.31796875 0.4984375 0.0140625 0.03203125
2 0.33359375 0.48984375 0.0140625 0.01875
1 0.36640625 0.50390625 0.01953125 0.03203125
1 0.4453125 0.49765625 0.015625 0.028125
1 0.47421875 0.4953125 0.0140625 0.0296875