2 0.73515625 0.5265625 0.01875 0.03203125
2 0.0421875 0.53984375 0.02109375 0.04609375
2 0.06640625 0.5390625 0.01796875 0.034375
2 0.08046875 0.5390625 0.01328125 0.034375
2 0.16015625 0.5421875 0.01640625 0.03046875
2 0.14921875 0.5359375 0.01328125 0.028125
2 0.12890625 0.5296875 0.01171875 0.01953125
2 0.115625 0.52890625 0.01015625 0.01953125
2 0.1015625 0.52734375 0.00859375 0.02109375
2 0.0921875 0.53671875 0.01171875 0.0328125
2 0.63671875 0.525 0.0125 0.0234375
1 0.428125 0.528125 0.01015625 0.021875