0 0.25390625 0.6375 0.0578125 0.12421875
1 0.30859375 0.6234375 0.04296875 0.084375
1 0.33671875 0.6171875 0.03984375 0.08984375
2 0.09296875 0.6015625 0.03359375 0.059375
2 0.16875 0.59140625 0.0203125 0.02265625
2 0.14140625 0.5921875 0.02578125 0.0234375
1 0.4203125 0.60546875 0.02890625 0.053125
1 0.4796875 0.6015625 0.02265625 0.04765625
1 0.51953125 0.60390625 0.0296875 0.0484375
0 0.759375 0.6046875 0.0609375 0.0609375
1 0.971875 0.60859375 0.0453125 0.06015625
2 0.684375 0.58984375 0.02890625 0.03046875