0 0.22890625 0.653125 0.08984375 0.22890625
1 0.59921875 0.5734375 0.04453125 0.12421875
1 0.66875 0.54453125 0.02421875 0.07265625
1 0.35546875 0.6453125 0.09375 0.21328125
1 0.29609375 0.759375 0.09609375 0.32421875
0 0.56796875 0.53671875 0.01640625 0.046875
0 0.3875 0.5484375 0.02265625 0.06015625
0 0.52421875 0.53203125 0.015625 0.04375
2 0.9484375 0.5828125 0.07421875 0.13828125
2 0.84296875 0.5734375 0.08046875 0.15625
2 0.79609375 0.5421875 0.040625 0.04609375
1 0.725 0.540625 0.0421875 0.05625
2 0.865625 0.51640625 0.03203125 0.04453125