1 0.26328125 0.4921875 0.01171875 0.0171875
2 0.26484375 0.48203125 0.01015625 0.01015625
1 0.3953125 0.4984375 0.01328125 0.02578125
0 0.425 0.496875 0.0125 0.025
0 0.4484375 0.496875 0.015625 0.01796875
0 0.5390625 0.49765625 0.0125 0.02578125
0 0.503125 0.4953125 0.009375 0.01640625
0 0.4703125 0.49609375 0.0109375 0.01875
1 0.61015625 0.496875 0.01171875 0.028125
2 0.63046875 0.49375 0.0109375 0.0265625
2 0.61796875 0.4875 0.009375 0.015625
2 0.66953125 0.490625 0.01015625 0.02578125
2 0.69296875 0.49375 0.01484375 0.03046875
0 0.521875 0.49375 0.0078125 0.01484375