1 0.86875 0.49296875 0.03828125 0.0765625
1 0.81171875 0.48125 0.02109375 0.040625
1 0.834375 0.48125 0.0171875 0.03828125
1 0.7796875 0.48125 0.01796875 0.03984375
2 0.91015625 0.47109375 0.0203125 0.03984375
2 0.215625 0.47890625 0.0203125 0.04453125
2 0.50703125 0.4703125 0.00859375 0.01640625
2 0.52578125 0.4703125 0.00703125 0.01640625
2 0.53359375 0.4703125 0.00546875 0.01328125
2 0.55078125 0.46875 0.009375 0.01484375
2 0.56015625 0.46953125 0.00546875 0.0125
0 0.57109375 0.47734375 0.0125 0.03125