0 0.7921875 0.40859375 0.040625 0.0953125
1 0.72734375 0.375 0.015625 0.02890625
2 0.690625 0.37421875 0.015625 0.03359375
2 0.70859375 0.37421875 0.01328125 0.03046875
2 0.62734375 0.37421875 0.02109375 0.03984375
1 0.60234375 0.3984375 0.03828125 0.0640625
1 0.3640625 0.39375 0.034375 0.05390625
2 0.3171875 0.38984375 0.02890625 0.0546875
2 0.2015625 0.375 0.02578125 0.0515625
2 0.125 0.37734375 0.02890625 0.05859375
2 0.03984375 0.39140625 0.01953125 0.059375
1 0.06171875 0.41171875 0.0234375 0.06015625