0 0.340625 0.42578125 0.10625 0.15625
0 0.73203125 0.43125 0.078125 0.10390625
0 0.67578125 0.41953125 0.03828125 0.09453125
0 0.63359375 0.41640625 0.0390625 0.06796875
0 0.5921875 0.415625 0.0390625 0.06484375
0 0.5515625 0.41015625 0.028125 0.06328125
0 0.45078125 0.40859375 0.03828125 0.06640625
2 0.83125 0.40703125 0.0203125 0.03359375
0 0.13359375 0.40546875 0.046875 0.07421875
0 0.37578125 0.40859375 0.03515625 0.07421875
0 0.6984375 0.4140625 0.0328125 0.0765625
1 0.52578125 0.4078125 0.0234375 0.0546875