2 0.00546875 0.30625 0.0109375 0.034375
2 0.0734375 0.3265625 0.01796875 0.053125
0 0.38984375 0.36015625 0.03203125 0.059375
2 0.5671875 0.35078125 0.0109375 0.02421875
2 0.36953125 0.334375 0.0109375 0.02265625
2 0.38046875 0.3296875 0.009375 0.0171875
2 0.4140625 0.33671875 0.01328125 0.021875
1 0.1859375 0.31953125 0.01015625 0.01796875
1 0.16328125 0.31328125 0.0171875 0.01875
2 0.2015625 0.3140625 0.01015625 0.01484375
2 0.21875 0.315625 0.01171875 0.01875
1 0.09375 0.3046875 0.01796875 0.01796875
2 0.6921875 0.38515625 0.02265625 0.05078125
2 0.465625 0.34453125 0.0171875 0.02265625
0 0.95546875 0.42734375 0.03359375 0.0734375
1 0.9859375 0.4390625 0.028125 0.0828125