1 0.028125 0.43828125 0.05625 0.13984375
1 0.07890625 0.42578125 0.0453125 0.07890625
0 0.409375 0.43359375 0.0515625 0.09375
0 0.4609375 0.42578125 0.06171875 0.09296875
0 0.6328125 0.41796875 0.0390625 0.08046875
0 0.6046875 0.41484375 0.03359375 0.05546875
1 0.72890625 0.41328125 0.02265625 0.0453125
1 0.97109375 0.415625 0.04140625 0.06171875
1 0.85078125 0.4140625 0.03515625 0.0484375
0 0.24375 0.41953125 0.0328125 0.06953125
0 0.20078125 0.4171875 0.025 0.06015625
0 0.33203125 0.41796875 0.0375 0.06796875
0 0.37421875 0.41875 0.02890625 0.0703125
2 0.9 0.40703125 0.02265625 0.0359375
2 0.9546875 0.41171875 0.0203125 0.0359375
1 0.77890625 0.4125 0.02421875 0.04140625
1 0.58125 0.41484375 0.01796875 0.0375
0 0.28359375 0.41875 0.04453125 0.06875