1 0.20390625 0.45234375 0.0734375 0.09765625
0 0.3265625 0.4453125 0.04921875 0.0765625
0 0.43671875 0.4359375 0.03515625 0.08515625
0 0.50703125 0.43984375 0.05859375 0.0875
2 0.67109375 0.4046875 0.0265625 0.05390625
2 0.7296875 0.403125 0.0296875 0.05703125
2 0.76875 0.40546875 0.03984375 0.04921875
1 0.8390625 0.40703125 0.0375 0.059375
1 0.9046875 0.40625 0.025 0.0484375
1 0.88671875 0.403125 0.01796875 0.04296875
2 0.940625 0.3765625 0.015625 0.03125
2 0.96796875 0.3828125 0.0265625 0.0375
1 0.99453125 0.4015625 0.0109375 0.05625