0 0.3453125 0.6140625 0.046875 0.1125
0 0.1609375 0.5921875 0.04140625 0.08671875
0 0.70703125 0.5828125 0.0203125 0.04375
1 0.84453125 0.69765625 0.08671875 0.1828125
1 0.68359375 0.575 0.0125 0.03203125
1 0.67578125 0.575 0.00859375 0.0328125
1 0.28203125 0.55859375 0.015625 0.025
1 0.30078125 0.56015625 0.01328125 0.0265625
2 0.25390625 0.55390625 0.0125 0.0265625
1 0.3234375 0.559375 0.0125 0.0265625
0 0.58984375 0.56953125 0.0109375 0.03046875
1 0.63046875 0.571875 0.01015625 0.02109375
2 0.26484375 0.55546875 0.009375 0.02421875