1 0.1375 0.54921875 0.0328125 0.06484375
2 0.3078125 0.52265625 0.02109375 0.04375
2 0.328125 0.52265625 0.0171875 0.0421875
2 0.34609375 0.52265625 0.02109375 0.0421875
2 0.48984375 0.51953125 0.01015625 0.02578125
2 0.50234375 0.5203125 0.0140625 0.025
2 0.515625 0.5140625 0.0125 0.0265625
1 0.58515625 0.51953125 0.01328125 0.0234375
2 0.88984375 0.509375 0.01015625 0.01875
2 0.87421875 0.50546875 0.01015625 0.0125
1 0.8125 0.51328125 0.00859375 0.01484375
1 0.82734375 0.51328125 0.01328125 0.0171875