0 0.6875 0.753125 0.03671875 0.16640625
1 0.1546875 0.72421875 0.02734375 0.128125
1 0.4625 0.71953125 0.0140625 0.11953125
1 0.60703125 0.71171875 0.01328125 0.06875
1 0.64375 0.70859375 0.0171875 0.0859375
1 0.30078125 0.72109375 0.0203125 0.12109375
2 0.47890625 0.69375 0.009375 0.0359375
1 0.80078125 0.69375 0.0140625 0.04296875
1 0.8453125 0.690625 0.01171875 0.0453125
1 0.8625 0.6875 0.00859375 0.03515625
1 0.853125 0.68671875 0.00859375 0.0359375
2 0.73125 0.67265625 0.00703125 0.02421875
2 0.5296875 0.6859375 0.00859375 0.034375
2 0.5453125 0.68515625 0.0078125 0.03203125