1 0.31171875 0.74921875 0.02734375 0.1359375
0 0.5609375 0.71484375 0.01953125 0.0640625
0 0.5828125 0.71171875 0.01171875 0.05234375
0 0.596875 0.71171875 0.01015625 0.04765625
0 0.703125 0.70859375 0.009375 0.03515625
1 0.81171875 0.70703125 0.0078125 0.03046875
1 0.7359375 0.70625 0.00859375 0.03359375
1 0.72421875 0.70625 0.0140625 0.02890625
1 0.6234375 0.70546875 0.00703125 0.034375
1 0.6046875 0.7046875 0.00625 0.03359375
1 0.6734375 0.70703125 0.00625 0.0328125
2 0.94296875 0.709375 0.0109375 0.0296875
1 0.66484375 0.70703125 0.0078125 0.03046875