1 0.0453125 0.7484375 0.04765625 0.18125
1 0.10625 0.7328125 0.046875 0.14765625
1 0.17890625 0.721875 0.03359375 0.12734375
1 0.21640625 0.7203125 0.03125 0.121875
0 0.26171875 0.7203125 0.03203125 0.10078125
0 0.375 0.69375 0.0171875 0.07734375
1 0.4265625 0.69140625 0.00859375 0.0453125
1 0.52421875 0.6859375 0.01171875 0.0578125
1 0.55234375 0.68828125 0.00859375 0.0359375
1 0.571875 0.690625 0.0078125 0.040625
1 0.59921875 0.6890625 0.0078125 0.03984375
1 0.61796875 0.68828125 0.00859375 0.04140625