1 0.9723958333333333 0.4703125 0.04114583333333333 0.09479166666666666
1 0.8286458333333333 0.4635416666666667 0.027604166666666666 0.04739583333333333
1 0.8770833333333333 0.46822916666666664 0.040625 0.06145833333333333
1 0.7875 0.46041666666666664 0.015625 0.034375
2 0.9166666666666666 0.4583333333333333 0.019270833333333334 0.034375
2 0.7791666666666667 0.4484375 0.008854166666666666 0.016145833333333335
2 0.8161458333333333 0.4473958333333333 0.015625 0.0203125
2 0.8973958333333333 0.45 0.016666666666666666 0.0234375
2 0.9161458333333333 0.43645833333333334 0.033854166666666664 0.0109375
2 0.7166666666666667 0.45208333333333334 0.0140625 0.0234375
0 0.5677083333333334 0.453125 0.007291666666666667 0.009895833333333333
0 0.5869791666666667 0.4552083333333333 0.009895833333333333 0.015104166666666667
1 0.6010416666666667 0.45625 0.011458333333333333 0.016145833333333335