0 0.6541666666666667 0.5385416666666667 0.11666666666666667 0.209375
0 0.1078125 0.5213541666666667 0.12447916666666667 0.1640625
0 0.15364583333333334 0.5015625 0.050520833333333334 0.12760416666666666
0 0.5270833333333333 0.4828125 0.024479166666666666 0.03802083333333333
1 0.5630208333333333 0.47760416666666666 0.016145833333333335 0.030729166666666665
1 0.5473958333333333 0.478125 0.0203125 0.0328125
1 0.4828125 0.4796875 0.0109375 0.03958333333333333
2 0.5098958333333333 0.471875 0.018229166666666668 0.027083333333333334
2 0.49583333333333335 0.46927083333333336 0.014583333333333334 0.0265625
2 0.4895833333333333 0.46197916666666666 0.022395833333333334 0.0109375
1 0.9708333333333333 0.5036458333333333 0.058333333333333334 0.0875
0 0.034375 0.4890625 0.04635416666666667 0.0546875
2 0.5744791666666667 0.4713541666666667 0.022395833333333334 0.0328125
1 0.5614583333333333 0.4765625 0.013541666666666667 0.0328125
2 0.5411458333333333 0.45989583333333334 0.0125 0.008333333333333333
0 0.8348958333333333 0.5135416666666667 0.08854166666666667 0.07395833333333333
0 0.37395833333333334 0.465625 0.025 0.019270833333333334
0 0.453125 0.471875 0.021875 0.024479166666666666