0 0.3546875 0.49635416666666665 0.065625 0.09010416666666667
0 0.428125 0.4947916666666667 0.05625 0.08802083333333334
0 0.6302083333333334 0.5276041666666667 0.13333333333333333 0.2
1 0.19739583333333333 0.478125 0.0421875 0.05625
1 0.246875 0.48020833333333335 0.03958333333333333 0.05
1 0.30833333333333335 0.48125 0.049479166666666664 0.050520833333333334
0 0.8880208333333334 0.5838541666666667 0.22395833333333334 0.3885416666666667
1 0.13125 0.4796875 0.01875 0.043229166666666666
1 0.11927083333333334 0.4609375 0.014583333333333334 0.010416666666666666
1 0.16614583333333333 0.4791666666666667 0.024479166666666666 0.04114583333333333
2 0.2791666666666667 0.4625 0.0140625 0.013020833333333334
1 0.38177083333333334 0.47760416666666666 0.03177083333333333 0.052083333333333336
1 0.4505208333333333 0.48125 0.027604166666666666 0.051041666666666666
1 0.4484375 0.46458333333333335 0.0203125 0.025520833333333333