0 0.3453125 0.6145833333333334 0.046875 0.1125
0 0.1609375 0.5921875 0.041666666666666664 0.08697916666666666
0 0.7067708333333333 0.5833333333333334 0.019791666666666666 0.04375
1 0.8442708333333333 0.6979166666666666 0.08645833333333333 0.1828125
1 0.6838541666666667 0.575 0.0125 0.03177083333333333
1 0.6760416666666667 0.5744791666666667 0.008854166666666666 0.0328125
1 0.28229166666666666 0.5588541666666667 0.015104166666666667 0.025
1 0.30052083333333335 0.5604166666666667 0.013541666666666667 0.0265625
2 0.25364583333333335 0.5536458333333333 0.011979166666666667 0.0265625
1 0.3234375 0.5598958333333334 0.0125 0.0265625
0 0.5895833333333333 0.5692708333333333 0.0109375 0.030208333333333334
1 0.6302083333333334 0.571875 0.010416666666666666 0.020833333333333332
2 0.26510416666666664 0.5552083333333333 0.009895833333333333 0.024479166666666666