2 0.009375 0.5203125 0.018229166666666668 0.05260416666666667
2 0.04114583333333333 0.5161458333333333 0.0203125 0.04739583333333333
2 0.05625 0.5161458333333333 0.025 0.044270833333333336
2 0.0984375 0.5072916666666667 0.008854166666666666 0.0296875
2 0.0828125 0.5052083333333334 0.013541666666666667 0.028125
2 0.06666666666666667 0.5145833333333333 0.0125 0.03177083333333333
2 0.14322916666666666 0.5197916666666667 0.01875 0.043229166666666666
2 0.13177083333333334 0.5130208333333334 0.008854166666666666 0.0234375
2 0.12760416666666666 0.515625 0.009895833333333333 0.03229166666666667
2 0.10572916666666667 0.5098958333333333 0.011458333333333333 0.022395833333333334
2 0.990625 0.5192708333333333 0.018229166666666668 0.03802083333333333