2 0.005729166666666666 0.3067708333333333 0.011458333333333333 0.033854166666666664
2 0.0734375 0.32708333333333334 0.018229166666666668 0.053125
0 0.39010416666666664 0.35989583333333336 0.03177083333333333 0.058854166666666666
2 0.5671875 0.35052083333333334 0.0109375 0.024479166666666666
2 0.3692708333333333 0.33489583333333334 0.011458333333333333 0.022395833333333334
2 0.3802083333333333 0.3302083333333333 0.009375 0.0171875
2 0.4140625 0.33645833333333336 0.013541666666666667 0.021354166666666667
1 0.18541666666666667 0.31927083333333334 0.010416666666666666 0.018229166666666668
1 0.16302083333333334 0.31302083333333336 0.0171875 0.01875
2 0.20208333333333334 0.3145833333333333 0.010416666666666666 0.014583333333333334
2 0.21822916666666667 0.31614583333333335 0.011979166666666667 0.01875
1 0.09427083333333333 0.3046875 0.018229166666666668 0.017708333333333333
2 0.6921875 0.3854166666666667 0.022916666666666665 0.050520833333333334
2 0.46510416666666665 0.34479166666666666 0.017708333333333333 0.022916666666666665
0 0.9557291666666666 0.4276041666666667 0.033854166666666664 0.0734375
1 0.9859375 0.4390625 0.027604166666666666 0.0828125