1 0.8546875 0.5109375 0.04114583333333333 0.10416666666666667
1 0.89375 0.5140625 0.034895833333333334 0.09583333333333334
1 0.940625 0.5041666666666667 0.05416666666666667 0.09635416666666667
1 0.7505208333333333 0.4828125 0.020833333333333332 0.03802083333333333
1 0.803125 0.4828125 0.028645833333333332 0.0484375
1 0.8322916666666667 0.4859375 0.022916666666666665 0.041666666666666664
1 0.7916666666666666 0.475 0.014583333333333334 0.03125
2 0.709375 0.4713541666666667 0.015104166666666667 0.021875
0 0.31302083333333336 0.5109375 0.058854166666666666 0.14583333333333334
2 0.3541666666666667 0.46510416666666665 0.011458333333333333 0.028125
1 0.36302083333333335 0.47239583333333335 0.013020833333333334 0.025520833333333333