0 0.7921875 0.4088541666666667 0.040625 0.0953125
1 0.7270833333333333 0.37447916666666664 0.015104166666666667 0.028645833333333332
2 0.6911458333333333 0.37447916666666664 0.015625 0.03333333333333333
2 0.7088541666666667 0.37395833333333334 0.013020833333333334 0.030208333333333334
2 0.6270833333333333 0.37395833333333334 0.021354166666666667 0.04010416666666667
1 0.6026041666666667 0.3984375 0.03802083333333333 0.0640625
1 0.3640625 0.39375 0.034375 0.05416666666666667
2 0.3171875 0.39010416666666664 0.028645833333333332 0.0546875
2 0.20104166666666667 0.37552083333333336 0.026041666666666668 0.0515625
2 0.125 0.3776041666666667 0.028645833333333332 0.058333333333333334
2 0.03958333333333333 0.39166666666666666 0.019270833333333334 0.059375
1 0.06145833333333333 0.4114583333333333 0.0234375 0.06041666666666667