2 0.16510416666666666 0.5630208333333333 0.052083333333333336 0.14583333333333334
2 0.05260416666666667 0.5625 0.06822916666666666 0.153125
2 0.19375 0.5098958333333333 0.022395833333333334 0.07395833333333333
2 0.15208333333333332 0.496875 0.017708333333333333 0.042708333333333334
2 0.234375 0.5010416666666667 0.014583333333333334 0.04010416666666667
2 0.25104166666666666 0.5020833333333333 0.024479166666666666 0.05
2 0.2765625 0.4947916666666667 0.016145833333333335 0.03333333333333333
2 0.29322916666666665 0.4947916666666667 0.011458333333333333 0.030208333333333334
2 0.6265625 0.49947916666666664 0.013541666666666667 0.025
2 0.5875 0.4973958333333333 0.013020833333333334 0.021875
0 0.4328125 0.49635416666666665 0.00625 0.020833333333333332
2 0.5505208333333333 0.4921875 0.007291666666666667 0.0125