0 0.3411458333333333 0.42552083333333335 0.10625 0.15625
0 0.7317708333333334 0.43125 0.07864583333333333 0.10416666666666667
0 0.6755208333333333 0.4192708333333333 0.03802083333333333 0.09427083333333333
0 0.6338541666666667 0.4166666666666667 0.0390625 0.06822916666666666
0 0.5916666666666667 0.415625 0.0390625 0.06458333333333334
0 0.5515625 0.41041666666666665 0.028125 0.06302083333333333
0 0.4510416666666667 0.4083333333333333 0.03802083333333333 0.06614583333333333
2 0.83125 0.40729166666666666 0.019791666666666666 0.03333333333333333
0 0.13385416666666666 0.40520833333333334 0.04635416666666667 0.07395833333333333
0 0.37604166666666666 0.4083333333333333 0.034895833333333334 0.07395833333333333
0 0.6989583333333333 0.4140625 0.03229166666666667 0.07604166666666666
1 0.5255208333333333 0.4078125 0.0234375 0.0546875