1 0.009895833333333333 0.496875 0.019791666666666666 0.034375
2 0.05416666666666667 0.48802083333333335 0.015625 0.03177083333333333
2 0.2203125 0.4973958333333333 0.021875 0.027604166666666666
2 0.22916666666666666 0.48854166666666665 0.013541666666666667 0.027083333333333334
1 0.6979166666666666 0.5130208333333334 0.0328125 0.07291666666666667
1 0.675 0.5260416666666666 0.03697916666666667 0.08072916666666667
1 0.6354166666666666 0.5223958333333333 0.03333333333333333 0.0859375
1 0.5645833333333333 0.5125 0.04635416666666667 0.06666666666666667
1 0.6177083333333333 0.5166666666666667 0.021875 0.07552083333333333
1 0.6083333333333333 0.490625 0.013541666666666667 0.022916666666666665
1 0.6510416666666666 0.49166666666666664 0.010416666666666666 0.023958333333333335