0 0.6322916666666667 0.5213541666666667 0.23125 0.275
0 0.7708333333333334 0.45625 0.08020833333333334 0.1484375
1 0.42604166666666665 0.415625 0.03229166666666667 0.057291666666666664
0 0.4671875 0.4161458333333333 0.027083333333333334 0.05677083333333333
0 0.4979166666666667 0.41510416666666666 0.025520833333333333 0.057291666666666664
1 0.5427083333333333 0.409375 0.015625 0.036458333333333336
1 0.44427083333333334 0.4010416666666667 0.008333333333333333 0.0203125
0 0.45729166666666665 0.39895833333333336 0.008854166666666666 0.018229166666666668
0 0.48020833333333335 0.3953125 0.008333333333333333 0.013541666666666667
1 0.5182291666666666 0.40625 0.009375 0.024479166666666666
1 0.50625 0.4005208333333333 0.007291666666666667 0.021354166666666667
1 0.6692708333333334 0.42552083333333335 0.021875 0.0703125