2 0.9010416666666666 0.34010416666666665 0.009375 0.008333333333333333
2 0.9151041666666667 0.3380208333333333 0.010416666666666666 0.00625
2 0.8 0.3489583333333333 0.009895833333333333 0.018229166666666668
0 0.4953125 0.371875 0.033854166666666664 0.0703125
1 0.5640625 0.3567708333333333 0.013541666666666667 0.026041666666666668
1 0.4744791666666667 0.3541666666666667 0.0109375 0.020833333333333332
0 0.2421875 0.3958333333333333 0.06197916666666667 0.11822916666666666
0 0.35052083333333334 0.36614583333333334 0.046875 0.06510416666666667
1 0.035416666666666666 0.4708333333333333 0.0703125 0.2765625
1 0.0328125 0.3692708333333333 0.044270833333333336 0.065625
0 0.11927083333333334 0.3734375 0.043229166666666666 0.07239583333333334
1 0.5244791666666667 0.35520833333333335 0.0125 0.0265625