1 0.028125 0.43854166666666666 0.05625 0.13958333333333334
1 0.07916666666666666 0.42604166666666665 0.0453125 0.07916666666666666
0 0.4088541666666667 0.43333333333333335 0.0515625 0.09375
0 0.4609375 0.42604166666666665 0.06145833333333333 0.09322916666666667
0 0.6322916666666667 0.41770833333333335 0.0390625 0.08072916666666667
0 0.6046875 0.41510416666666666 0.033854166666666664 0.05572916666666667
1 0.7291666666666666 0.41354166666666664 0.022395833333333334 0.0453125
1 0.9713541666666666 0.415625 0.04114583333333333 0.06145833333333333
1 0.8510416666666667 0.4140625 0.035416666666666666 0.04791666666666667
0 0.24375 0.4192708333333333 0.0328125 0.06927083333333334
0 0.20104166666666667 0.41770833333333335 0.025520833333333333 0.06041666666666667
0 0.33177083333333335 0.41822916666666665 0.0375 0.06822916666666666
0 0.37395833333333334 0.41875 0.028645833333333332 0.0703125
2 0.9 0.40729166666666666 0.022395833333333334 0.035416666666666666
2 0.9541666666666667 0.4114583333333333 0.0203125 0.0359375
1 0.7791666666666667 0.4125 0.024479166666666666 0.041666666666666664
1 0.5817708333333333 0.41458333333333336 0.017708333333333333 0.03697916666666667
0 0.2833333333333333 0.41875 0.04479166666666667 0.06875