2 0.8375 0.5708333333333333 0.10364583333333334 0.19947916666666668
0 0.5203125 0.5119791666666667 0.0328125 0.07083333333333333
0 0.4713541666666667 0.5135416666666667 0.0390625 0.07552083333333333
0 0.4421875 0.5119791666666667 0.027604166666666666 0.06979166666666667
0 0.078125 0.5078125 0.0390625 0.08697916666666666
0 0.33958333333333335 0.4864583333333333 0.018229166666666668 0.052083333333333336
1 0.30104166666666665 0.48541666666666666 0.028645833333333332 0.05
0 0.175 0.4984375 0.029166666666666667 0.07395833333333333
0 0.1453125 0.49947916666666664 0.01875 0.06666666666666667
1 0.04635416666666667 0.49270833333333336 0.0203125 0.065625
0 0.5859375 0.48489583333333336 0.011979166666666667 0.03697916666666667
0 0.5973958333333333 0.478125 0.0109375 0.0265625