1 0.2630208333333333 0.49166666666666664 0.011458333333333333 0.0171875
2 0.26510416666666664 0.4817708333333333 0.009895833333333333 0.010416666666666666
1 0.3953125 0.4984375 0.013020833333333334 0.026041666666666668
0 0.425 0.496875 0.0125 0.025
0 0.4484375 0.496875 0.015625 0.017708333333333333
0 0.5390625 0.4979166666666667 0.0125 0.026041666666666668
0 0.5036458333333333 0.4953125 0.008854166666666666 0.016666666666666666
0 0.46979166666666666 0.49635416666666665 0.011458333333333333 0.019270833333333334
1 0.6098958333333333 0.496875 0.011979166666666667 0.028125
2 0.6302083333333334 0.49375 0.0109375 0.0265625
2 0.6177083333333333 0.4875 0.008854166666666666 0.015625
2 0.6692708333333334 0.490625 0.010416666666666666 0.025520833333333333
2 0.6927083333333334 0.49375 0.015104166666666667 0.030729166666666665
0 0.521875 0.49322916666666666 0.0078125 0.015104166666666667