1 0.04583333333333333 0.7489583333333333 0.04791666666666667 0.18125
1 0.10625 0.7328125 0.046875 0.14739583333333334
1 0.17916666666666667 0.7223958333333333 0.033854166666666664 0.12708333333333333
1 0.21666666666666667 0.7203125 0.03125 0.121875
0 0.26197916666666665 0.7203125 0.03229166666666667 0.10104166666666667
0 0.375 0.69375 0.016666666666666666 0.07708333333333334
1 0.4265625 0.6911458333333333 0.008854166666666666 0.0453125
1 0.5239583333333333 0.6864583333333333 0.011458333333333333 0.0578125
1 0.5520833333333334 0.6880208333333333 0.008333333333333333 0.0359375
1 0.571875 0.690625 0.0078125 0.04114583333333333
1 0.5989583333333334 0.6895833333333333 0.0078125 0.03958333333333333
1 0.6182291666666667 0.6880208333333333 0.008854166666666666 0.04114583333333333