1 0.31145833333333334 0.7494791666666667 0.027604166666666666 0.1359375
0 0.5609375 0.7151041666666667 0.019791666666666666 0.06458333333333334
0 0.5828125 0.7119791666666667 0.011979166666666667 0.052083333333333336
0 0.596875 0.7119791666666667 0.009895833333333333 0.04739583333333333
0 0.703125 0.7083333333333334 0.009375 0.035416666666666666
1 0.8119791666666667 0.7067708333333333 0.0078125 0.030208333333333334
1 0.7359375 0.7057291666666666 0.008333333333333333 0.03333333333333333
1 0.7244791666666667 0.70625 0.0140625 0.029166666666666667
1 0.6234375 0.7057291666666666 0.0067708333333333336 0.034375
1 0.6046875 0.7046875 0.005729166666666666 0.03333333333333333
1 0.6729166666666667 0.7072916666666667 0.0067708333333333336 0.0328125
2 0.9427083333333334 0.709375 0.0109375 0.0296875
1 0.6645833333333333 0.7072916666666667 0.008333333333333333 0.030208333333333334